0,0,0,0.687425
0,0,1,0.998332
0,1,0,0.893228
0,1,1,0.166103
0,2,0,0.458991
0,2,1,0.929867
0,3,0,0.789134
0,3,1,0.545764
0,4,0,0.598475
0,4,1,0.557030
0,5,0,0.059182
0,5,1,0.375069
0,6,0,0.321395
0,6,1,0.772192
0,7,0,0.353771
0,7,1,0.619935
0,8,0,0.490795
0,8,1,0.503722
0,9,0,0.858539
0,9,1,0.006766
0,10,0,0.389692
0,10,1,0.117321
0,11,0,0.649646
0,11,1,0.552946
1,0,0,0.978662
1,0,1,0.333260
1,1,0,0.027387
1,1,1,0.820097
1,2,0,0.815536
1,2,1,0.563837
1,3,0,0.944585
1,3,1,0.851714
1,4,0,0.322306
1,4,1,0.387088
1,5,0,0.970432
1,5,1,0.201046
1,6,0,0.349991
1,6,1,0.274209
1,7,0,0.841497
1,7,1,0.071398
1,8,0,0.979446
1,8,1,0.579562
1,9,0,0.392756
1,9,1,0.377432
2,0,0,0.662111
2,0,1,0.376423
2,1,0,0.496751
2,1,1,0.626312
2,2,0,0.114684
2,2,1,0.306986
2,3,0,0.749196
2,3,1,0.506781
2,4,0,0.252562
2,4,1,0.378228
2,5,0,0.339897
2,5,1,0.611390
2,6,0,0.821168
2,6,1,0.264587
2,7,0,0.441861
2,7,1,0.858667
2,8,0,0.092548
2,8,1,0.302285
2,9,0,0.960145
2,9,1,0.571149
2,10,0,0.473763
2,10,1,0.554496
2,11,0,0.406502
2,11,1,0.400705
2,12,0,0.568122
2,12,1,0.568118
3,0,0,0.508274
3,0,1,0.886300
3,1,0,0.672136
3,1,1,0.721387
3,2,0,0.794232
3,2,1,0.541522
3,3,0,0.150624
3,3,1,0.936292
3,4,0,0.834785
3,4,1,0.997350
3,5,0,0.908267
3,5,1,0.133959
3,6,0,0.988626
3,6,1,0.315971
3,7,0,0.206314
3,7,1,0.861726
3,8,0,0.582363
3,8,1,0.534218
4,0,0,0.162410
4,0,1,0.665419
4,1,0,0.089857
4,1,1,0.620053
4,2,0,0.984850
4,2,1,0.055164
4,3,0,0.059697
4,3,1,0.998512
5,0,0,0.938126
5,0,1,0.062046
5,1,0,0.996193
5,1,1,0.009176
5,2,0,0.966948
5,2,1,0.597087
5,3,0,0.005282
5,3,1,0.563088
6,0,0,0.001676
6,0,1,0.998854
6,1,0,0.758589
6,1,1,0.128568
6,2,0,0.013642
6,2,1,0.994226
6,3,0,0.039685
6,3,1,0.868098
6,4,0,0.910187
6,4,1,0.083082
6,5,0,0.972976
6,5,1,0.000633
6,6,0,0.988570
6,6,1,0.027159
7,0,0,0.690499
7,0,1,0.293902
7,1,0,0.029360
7,1,1,0.027288
7,2,0,0.504725
7,2,1,0.504725
7,3,0,0.993702
7,3,1,0.005797
7,4,0,0.479616
7,4,1,0.052724
7,5,0,0.592793
7,5,1,0.648402
7,6,0,0.651990
7,6,1,0.956430
7,7,0,0.187440
7,7,1,0.476117
7,8,0,0.770096
7,8,1,0.394038
7,9,0,0.015145
7,9,1,0.477412
8,0,0,0.539050
8,0,1,0.539041
8,1,0,0.997635
8,1,1,0.000206
8,2,0,0.002027
8,2,1,0.999918
8,3,0,0.880456
8,3,1,0.342097
8,4,0,0.889494
8,4,1,0.591548
8,5,0,0.827375
8,5,1,0.211798
8,6,0,0.766398
8,6,1,0.712938
8,7,0,0.906556
8,7,1,0.329300
9,0,0,0.270582
9,0,1,0.612902
9,1,0,0.757377
9,1,1,0.398958
10,0,0,0.098641
10,0,1,0.047037
10,1,0,0.374417
10,1,1,0.632762
10,2,0,0.209540
10,2,1,0.030731
10,3,0,0.213465
10,3,1,0.507721
11,0,0,0.296018
11,0,1,0.128323
11,1,0,0.590963
11,1,1,0.886516
11,2,0,0.355042
11,2,1,0.894839
11,3,0,0.875435
11,3,1,0.572832
11,4,0,0.721444
11,4,1,0.660692
11,5,0,0.746275
11,5,1,0.474097
11,6,0,0.952336
11,6,1,0.758376
12,0,0,0.637535
12,0,1,0.487601
12,1,0,0.736727
12,1,1,0.430163
12,2,0,0.500842
12,2,1,0.500842
12,3,0,0.471969
12,3,1,0.884147
12,4,0,0.671358
12,4,1,0.624016
12,5,0,0.413306
12,5,1,0.423207
13,0,0,0.143234
13,0,1,0.591649
13,1,0,0.980849
13,1,1,0.019146
13,2,0,0.475135
13,2,1,0.475174
13,3,0,0.510782
13,3,1,0.819142
13,4,0,0.004148
13,4,1,0.992292
13,5,0,0.499855
13,5,1,0.499906
13,6,0,0.181609
13,6,1,0.193000
13,7,0,0.595043
13,7,1,0.492723
13,8,0,0.244619
13,8,1,0.193809
13,9,0,0.773292
13,9,1,0.754915
14,0,0,0.534495
14,0,1,0.525397
14,1,0,0.998135
14,1,1,0.246224
14,2,0,0.997997
14,2,1,0.986323
14,3,0,0.524811
14,3,1,0.588802
14,4,0,0.502097
14,4,1,0.502097
15,0,0,0.492387
15,0,1,0.283709
15,1,0,0.007944
15,1,1,0.323765
15,2,0,0.512382
15,2,1,0.372132
15,3,0,0.521781
15,3,1,0.495480
15,4,0,0.380335
15,4,1,0.525039
15,5,0,0.210309
15,5,1,0.566480
15,6,0,0.326680
15,6,1,0.484743
15,7,0,0.739650
15,7,1,0.512749
16,0,0,0.984320
16,0,1,0.842509
16,1,0,0.401557
16,1,1,0.568853
16,2,0,0.577123
16,2,1,0.255041
16,3,0,0.852610
16,3,1,0.888350
16,4,0,0.541427
16,4,1,0.608985
16,5,0,0.921934
16,5,1,0.093798
16,6,0,0.725129
16,6,1,0.272028
17,0,0,0.982093
17,0,1,0.003240
17,1,0,0.999908
17,1,1,0.264163
17,2,0,0.747613
17,2,1,0.605318
17,3,0,0.529372
17,3,1,0.427638
17,4,0,0.008572
17,4,1,0.982129
17,5,0,0.553797
17,5,1,0.970856
17,6,0,0.721798
17,6,1,0.463991
18,0,0,0.518583
18,0,1,0.687934
18,1,0,0.559045
18,1,1,0.126939
18,2,0,0.513427
18,2,1,0.776872
18,3,0,0.301422
18,3,1,0.388251
19,0,0,0.968210
19,0,1,0.056826
19,1,0,0.516197
19,1,1,0.516194
19,2,0,0.180968
19,2,1,0.842061
19,3,0,0.533379
19,3,1,0.533362
19,4,0,0.661860
19,4,1,0.661900
19,5,0,0.780593
19,5,1,0.723222
20,0,0,0.400245
20,0,1,0.768717
20,1,0,0.508063
20,1,1,0.206437
20,2,0,0.681103
20,2,1,0.515383
20,3,0,0.761656
20,3,1,0.347431
21,0,0,0.368507
21,0,1,0.428932
21,1,0,0.285501
21,1,1,0.404123
21,2,0,0.481497
21,2,1,0.000790
21,3,0,0.114693
21,3,1,0.224534
21,4,0,0.559135
21,4,1,0.706043
21,5,0,0.063936
21,5,1,0.810917
22,0,0,0.094489
22,0,1,0.924762
22,1,0,0.475946
22,1,1,0.475924
22,2,0,0.485920
22,2,1,0.828879
22,3,0,0.604869
22,3,1,0.604868
22,4,0,0.751385
22,4,1,0.975344
22,5,0,0.471777
22,5,1,0.471750
23,0,0,0.686634
23,0,1,0.533720
23,1,0,0.474298
23,1,1,0.811959
23,2,0,0.091962
23,2,1,0.985905
23,3,0,0.662262
23,3,1,0.384360
23,4,0,0.220282
23,4,1,0.200371
24,0,0,0.077022
24,0,1,0.752393
24,1,0,0.776898
24,1,1,0.049579
24,2,0,0.042139
24,2,1,0.813117
24,3,0,0.983130
24,3,1,0.075980
24,4,0,0.019076
24,4,1,0.830070
25,0,0,0.247537
25,0,1,0.505851
25,1,0,0.551744
25,1,1,0.630165
25,2,0,0.912016
25,2,1,0.839070
25,3,0,0.103272
25,3,1,0.924387
25,4,0,0.880366
25,4,1,0.994842
25,5,0,0.986719
25,5,1,0.134105
25,6,0,0.473767
25,6,1,0.493746
26,1,0,0.938056
26,1,1,0.467524
26,2,0,0.508633
26,2,1,0.508633
26,3,0,0.521321
26,3,1,0.521321
26,4,0,0.754066
26,4,1,0.066359
26,6,0,0.941216
26,6,1,0.011607
26,7,0,0.573850
26,7,1,0.573850
27,0,0,0.015135
27,0,1,0.189695
27,1,0,0.919011
27,1,1,0.588774
27,2,0,0.901919
27,2,1,0.964171
27,3,0,0.998319
27,3,1,0.883384
27,4,0,0.482008
27,4,1,0.482024
27,5,0,0.480095
27,5,1,0.480101
27,6,0,0.611155
27,6,1,0.225458
27,7,0,0.063856
27,7,1,0.546354
27,8,0,0.522732
27,8,1,0.481679
27,9,0,0.939879
27,9,1,0.003801
28,0,0,0.781514
28,0,1,0.171218
28,1,0,0.370645
28,1,1,0.595028
28,2,0,0.523223
28,2,1,0.561971
28,3,0,0.443080
28,3,1,0.443093
28,4,0,0.353944
28,4,1,0.358698
28,5,0,0.991151
28,5,1,0.298555
28,6,0,0.553328
28,6,1,0.645182
29,0,0,0.912491
29,0,1,0.031167
29,1,0,0.524781
29,1,1,0.524786
29,2,0,0.498477
29,2,1,0.558641
29,3,0,0.952671
29,3,1,0.079004
29,4,0,0.130240
29,4,1,0.068111
29,5,0,0.778305
29,5,1,0.994233
30,0,0,0.129420
30,0,1,0.755590
30,1,0,0.083724
30,1,1,0.713474
30,2,0,0.032044
30,2,1,0.954684
30,3,0,0.986485
30,3,1,0.018794
31,0,0,0.700470
31,0,1,0.010431
31,1,0,0.012704
31,1,1,0.894947
31,2,0,0.284276
31,2,1,0.327564
31,3,0,0.153394
31,3,1,0.904796
31,4,0,0.184286
31,4,1,0.179732
31,5,0,0.407357
31,5,1,0.209498
31,6,0,0.608277
31,6,1,0.457747
31,7,0,0.480263
31,7,1,0.989731
32,0,0,0.847646
32,0,1,0.220427
32,1,0,0.959085
32,1,1,0.293790
32,2,0,0.415802
32,2,1,0.415802
32,3,0,0.134982
32,3,1,0.539572
33,0,0,0.901012
33,0,1,0.370569
33,1,0,0.017244
33,1,1,0.996930
33,2,0,0.991846
33,2,1,0.017167
33,3,0,0.769413
33,3,1,0.569610
33,4,0,0.042636
33,4,1,0.387740
33,5,0,0.614612
33,5,1,0.403936
33,6,0,0.832837
33,6,1,0.777521
33,7,0,0.345056
33,7,1,0.667871
33,8,0,0.125371
33,8,1,0.992578
34,0,0,0.649136
34,0,1,0.198042
34,1,0,0.304480
34,1,1,0.381287
34,2,0,0.539565
34,2,1,0.333914
35,0,0,0.128614
35,0,1,0.537602
35,1,0,0.420884
35,1,1,0.419366
35,2,0,0.315280
35,2,1,0.560349
35,3,0,0.573182
35,3,1,0.695351
35,4,0,0.153880
35,4,1,0.527675
35,5,0,0.547601
35,5,1,0.590954
35,6,0,0.489975
35,6,1,0.502962
35,7,0,0.460124
35,7,1,0.725637
36,0,0,0.968502
36,0,1,0.096948
36,1,0,0.128262
36,1,1,0.518661
36,2,0,0.997321
36,2,1,0.003601
36,3,0,0.976632
36,3,1,0.942546
36,4,0,0.999101
36,4,1,0.001541
36,5,0,0.122915
36,5,1,0.491922
36,6,0,0.125211
36,6,1,0.803309
36,7,0,0.397924
36,7,1,0.625284
37,0,0,0.286797
37,0,1,0.019429
37,1,0,0.424954
37,1,1,0.350131
37,2,0,0.019045
37,2,1,0.946537
37,3,0,0.696637
37,3,1,0.907517
37,4,0,0.096765
37,4,1,0.971878
38,0,0,0.250316
38,0,1,0.383390
38,1,0,0.015162
38,1,1,0.600456
38,2,0,0.463259
38,2,1,0.463261
38,3,0,0.045000
38,3,1,0.963721
38,4,0,0.579795
38,4,1,0.579798
38,5,0,0.300439
38,5,1,0.060645
38,6,0,0.146849
38,6,1,0.019668
38,7,0,0.664328
38,7,1,0.664330
39,0,0,0.481018
39,0,1,0.386609
39,1,0,0.411958
39,1,1,0.411958
39,2,0,0.224812
39,2,1,0.310669
39,3,0,0.728767
39,3,1,0.572723
39,4,0,0.034232
39,4,1,0.850989
40,0,0,0.393375
40,0,1,0.483072
40,1,0,0.898115
40,1,1,0.075763
40,2,0,0.024659
40,2,1,0.948488
40,3,0,0.315958
40,3,1,0.316107
40,4,0,0.381889
40,4,1,0.572816
41,0,0,0.802195
41,0,1,0.888036
41,1,0,0.852465
41,1,1,0.313374
41,2,0,0.797497
41,2,1,0.529521
42,0,0,0.642394
42,0,1,0.033444
42,1,0,0.482649
42,1,1,0.714592
42,2,0,0.921511
42,2,1,0.032120
42,3,0,0.019127
42,3,1,0.975017
42,4,0,0.227246
42,4,1,0.703066
42,5,0,0.297910
42,5,1,0.156407
42,6,0,0.135274
42,6,1,0.226501
43,0,0,0.385457
43,0,1,0.831632
43,1,0,0.547021
43,1,1,0.988999
43,2,0,0.738192
43,2,1,0.588026
43,3,0,0.588613
43,3,1,0.463384
43,4,0,0.529825
43,4,1,0.512862
44,0,0,0.233682
44,0,1,0.944002
44,1,0,0.863906
44,1,1,0.243123
44,2,0,0.117411
44,2,1,0.565710
44,3,0,0.898771
44,3,1,0.857419
44,4,0,0.432419
44,4,1,0.953382
44,5,0,0.632456
44,5,1,0.315897
45,0,0,0.553515
45,0,1,0.553515
45,1,0,0.644263
45,1,1,0.644263
45,2,0,0.340437
45,2,1,0.227880
45,3,0,0.510794
45,3,1,0.510779
45,4,0,0.128428
45,4,1,0.542658
45,5,0,0.498709
45,5,1,0.156431
45,6,0,0.452741
45,6,1,0.452741
45,7,0,0.571791
45,7,1,0.571791
45,8,0,0.969310
45,8,1,0.014273
46,0,0,0.952877
46,0,1,0.889432
46,1,0,0.541933
46,1,1,0.148161
46,2,0,0.418443
46,2,1,0.280017
47,0,0,0.954464
47,0,1,0.029066
47,1,0,0.379835
47,1,1,0.491090
47,2,0,0.143780
47,2,1,0.726747
47,3,0,0.394722
47,3,1,0.965194
47,4,0,0.562316
47,4,1,0.745000
47,5,0,0.112668
47,5,1,0.947544
47,6,0,0.850767
47,6,1,0.236402
48,0,0,0.218585
48,0,1,0.341276
48,1,0,0.968264
48,1,1,0.486575
48,2,0,0.447648
48,2,1,0.307645
48,3,0,0.999563
48,3,1,0.443015
48,4,0,0.367467
48,4,1,0.957158
48,5,0,0.911270
48,5,1,0.029890
49,0,0,0.864622
49,0,1,0.999889
49,1,0,0.999989
49,1,1,0.016691
49,2,0,0.834599
49,2,1,0.066306
49,3,0,0.135339
49,3,1,0.710521
50,0,0,0.588707
50,0,1,0.588821
50,1,0,0.975358
50,1,1,0.732051
50,2,0,0.345364
50,2,1,0.519651
50,3,0,0.000705
50,3,1,0.999775
50,4,0,0.951430
50,4,1,0.031137
50,5,0,0.523400
50,5,1,0.913944
50,6,0,0.406014
50,6,1,0.934565
50,7,0,0.778819
50,7,1,0.531134
50,8,0,0.480084
50,8,1,0.821455
50,9,0,0.931019
50,9,1,0.851422
50,10,0,0.573985
50,10,1,0.905635
50,11,0,0.767110
50,11,1,0.935923
51,0,0,0.484177
51,0,1,0.736222
51,1,0,0.736452
51,1,1,0.225728
51,2,0,0.354084
51,2,1,0.530020
51,3,0,0.263259
51,3,1,0.777974
51,4,0,0.152050
51,4,1,0.893730
51,5,0,0.700879
51,5,1,0.524226
51,6,0,0.565032
51,6,1,0.810545
51,7,0,0.468106
51,7,1,0.177580
52,0,0,0.548047
52,0,1,0.405252
52,1,0,0.988313
52,1,1,0.527718
52,2,0,0.444952
52,2,1,0.940911
52,3,0,0.550519
52,3,1,0.286661
52,4,0,0.979503
52,4,1,0.486140
52,5,0,0.456648
52,5,1,0.382800
52,6,0,0.217426
52,6,1,0.995695
52,7,0,0.010319
52,7,1,0.900372
52,8,0,0.873374
52,8,1,0.448001
52,9,0,0.740334
52,9,1,0.618174
53,0,0,0.313900
53,0,1,0.722596
53,1,0,0.218470
53,1,1,0.646861
54,0,0,0.723535
54,0,1,0.592980
54,1,0,0.605842
54,1,1,0.850802
54,2,0,0.539302
54,2,1,0.192674
54,3,0,0.733718
54,3,1,0.346990
55,0,0,0.602691
55,0,1,0.602690
55,1,0,0.961738
55,1,1,0.823504
55,2,0,0.941289
55,2,1,0.896857
55,3,0,0.869766
55,3,1,0.513735
55,4,0,0.601217
55,4,1,0.336063
55,5,0,0.395044
55,5,1,0.877141
55,6,0,0.000547
55,6,1,0.999131
55,7,0,0.758639
55,7,1,0.213392
55,8,0,0.097659
55,8,1,0.371688
55,9,0,0.998406
55,9,1,0.411002
55,10,0,0.950722
55,10,1,0.005399
55,11,0,0.540319
55,11,1,0.780697
55,12,0,0.003616
55,12,1,0.709987
56,0,0,0.108058
56,0,1,0.934353
56,1,0,0.263020
56,1,1,0.762511
56,2,0,0.585501
56,2,1,0.994941
56,3,0,0.074953
56,3,1,0.852757
56,4,0,0.675965
56,4,1,0.655071
57,0,0,0.430214
57,0,1,0.414209
57,1,0,0.565928
57,1,1,0.568229
57,2,0,0.443159
57,2,1,0.443159
57,3,0,0.622979
57,3,1,0.883264
57,4,0,0.495729
57,4,1,0.519533
57,5,0,0.014537
57,5,1,0.132063
57,6,0,0.491262
57,6,1,0.426407
57,7,0,0.425463
57,7,1,0.293255
57,8,0,0.798081
57,8,1,0.003595
57,9,0,0.401251
57,9,1,0.401251
57,10,0,0.434671
57,10,1,0.472086
58,0,0,0.050053
58,0,1,0.481931
58,1,0,0.561835
58,1,1,0.991482
58,2,0,0.348693
58,2,1,0.550749
58,3,0,0.106069
58,3,1,0.570176
59,0,0,0.059184
59,0,1,0.601230
59,1,0,0.032159
59,1,1,0.495562
59,2,0,0.036584
59,2,1,0.553056
59,3,0,0.414398
59,3,1,0.414398
59,4,0,0.342175
59,4,1,0.976879
59,5,0,0.032578
59,5,1,0.662720
59,6,0,0.009545
59,6,1,0.964948
60,0,0,0.532139
60,0,1,0.579323
60,1,0,0.733853
60,1,1,0.474137
60,2,0,0.728966
60,2,1,0.456339
60,3,0,0.488681
60,3,1,0.123201
61,0,0,0.418843
61,0,1,0.418843
61,1,0,0.383840
61,1,1,0.383840
61,2,0,0.469563
61,2,1,0.344875
61,3,0,0.762886
61,3,1,0.976096
61,4,0,0.477742
61,4,1,0.866881
62,0,0,0.996872
62,0,1,0.009243
62,1,0,0.264239
62,1,1,0.740680
62,2,0,0.981062
62,2,1,0.025109
62,3,0,0.680061
62,3,1,0.426485
62,4,0,0.968254
62,4,1,0.098965
62,5,0,0.907099
62,5,1,0.072684
63,0,0,0.488490
63,0,1,0.255327
63,1,0,0.943902
63,1,1,0.627818
63,2,0,0.681426
63,2,1,0.353633
63,3,0,0.148694
63,3,1,0.774839
63,4,0,0.400308
63,4,1,0.081877
63,5,0,0.867454
63,5,1,0.005083
63,6,0,0.449283
63,6,1,0.323378
64,0,0,0.441046
64,0,1,0.374180
64,1,0,0.985667
64,1,1,0.040046
64,2,0,0.251356
64,2,1,0.998175
64,3,0,0.889541
64,3,1,0.762077
65,0,0,0.000530
65,0,1,0.485928
65,1,0,0.069491
65,1,1,0.111981
65,2,0,0.989269
65,2,1,0.436233
65,3,0,0.901863
65,3,1,0.002275
65,4,0,0.917613
65,4,1,0.999495
65,5,0,0.398749
65,5,1,0.977822
65,6,0,0.982448
65,6,1,0.448007
65,7,0,0.995714
65,7,1,0.003396
66,0,0,0.388555
66,0,1,0.713173
66,1,0,0.010717
66,1,1,0.999003
66,2,0,0.121576
66,2,1,0.357456
66,3,0,0.958259
66,3,1,0.301952
66,4,0,0.344477
66,4,1,0.516706
66,5,0,0.437373
66,5,1,0.053820
66,6,0,0.952454
66,6,1,0.603450
67,0,0,0.242729
67,0,1,0.484786
67,1,0,0.845699
67,1,1,0.961602
67,2,0,0.408490
67,2,1,0.969008
67,3,0,0.014313
67,3,1,0.982769
67,4,0,0.405109
67,4,1,0.510393
68,0,0,0.302782
68,0,1,0.606815
68,1,0,0.815422
68,1,1,0.165981
68,2,0,0.997855
68,2,1,0.002946
68,3,0,0.421310
68,3,1,0.594562
69,0,0,0.449244
69,0,1,0.131561
69,1,0,0.133688
69,1,1,0.760783
69,2,0,0.754447
69,2,1,0.072953
69,3,0,0.765742
69,3,1,0.491523
70,0,0,0.846375
70,0,1,0.006691
70,1,0,0.843418
70,1,1,0.334906
70,2,0,0.958989
70,2,1,0.012828
70,3,0,0.760459
70,3,1,0.802883
70,4,0,0.003393
70,4,1,0.188484
70,5,0,0.390227
70,5,1,0.027069
70,6,0,0.961982
70,6,1,0.060719
71,0,0,0.541039
71,0,1,0.904442
71,1,0,0.037698
71,1,1,0.358808
71,2,0,0.332904
71,2,1,0.332903
71,3,0,0.521521
71,3,1,0.289107
71,4,0,0.645230
71,4,1,0.080211
71,5,0,0.424743
71,5,1,0.777257
71,6,0,0.478425
71,6,1,0.478389
72,0,0,0.887185
72,0,1,0.451805
72,1,0,0.126829
72,1,1,0.159990
72,2,0,0.489146
72,2,1,0.117680
72,3,0,0.383150
72,3,1,0.328994
72,4,0,0.655763
72,4,1,0.223051
72,5,0,0.408674
72,5,1,0.955670
73,0,0,0.510721
73,0,1,0.993867
73,1,0,0.019499
73,1,1,0.179452
73,2,0,0.462060
73,2,1,0.769293
73,3,0,0.083491
73,3,1,0.394384
73,4,0,0.999999
73,4,1,0.939546
74,0,0,0.965162
74,0,1,0.429153
74,1,0,0.427489
74,1,1,0.489490
74,2,0,0.536055
74,2,1,0.293490
74,3,0,0.301960
74,3,1,0.238204
75,0,0,0.909347
75,0,1,0.008645
75,1,0,0.094541
75,1,1,0.873368
75,2,0,0.938170
75,2,1,0.203016
75,3,0,0.585297
75,3,1,0.582675
75,4,0,0.123161
75,4,1,0.800283
75,5,0,0.411997
75,5,1,0.252034
75,6,0,0.380522
75,6,1,0.180755
75,7,0,0.707224
75,7,1,0.009975
75,8,0,0.992151
75,8,1,0.005539
75,9,0,0.938647
75,9,1,0.256432
76,0,0,0.970555
76,0,1,0.945539
76,1,0,0.318663
76,1,1,0.500386
76,2,0,0.939535
76,2,1,0.422096
76,3,0,0.974930
76,3,1,0.782828
76,4,0,0.684063
76,4,1,0.978970
76,5,0,0.487405
76,5,1,0.487411
76,6,0,0.025519
76,6,1,0.503936
77,0,0,0.509282
77,0,1,0.464817
77,1,0,0.001365
77,1,1,0.999678
77,2,0,0.369653
77,2,1,0.609489
77,3,0,0.722458
77,3,1,0.228152
77,4,0,0.327570
77,4,1,0.870981
77,5,0,0.864678
77,5,1,0.683614
77,6,0,0.584271
77,6,1,0.585958
77,7,0,0.970520
77,7,1,0.147091
78,0,0,0.771378
78,0,1,0.486581
78,1,0,0.365723
78,1,1,0.831321
78,2,0,0.746301
78,2,1,0.448082
78,3,0,0.648295
78,3,1,0.379034
78,4,0,0.553025
78,4,1,0.768270
78,5,0,0.612669
78,5,1,0.318138
78,6,0,0.050252
78,6,1,0.977534
78,7,0,0.498718
78,7,1,0.307336
78,8,0,0.368729
78,8,1,0.047630
79,0,0,0.513849
79,0,1,0.325436
79,1,0,0.939506
79,1,1,0.456342
79,2,0,0.955851
79,2,1,0.009956
79,3,0,0.833362
79,3,1,0.645702
79,4,0,0.823475
79,4,1,0.173113
79,5,0,0.521023
79,5,1,0.850463
80,0,0,0.963635
80,0,1,0.105578
80,1,0,0.428068
80,1,1,0.427243
80,2,0,0.480383
80,2,1,0.480448
80,3,0,0.630783
80,3,1,0.979583
80,4,0,0.009147
80,4,1,0.283077
80,5,0,0.630395
80,5,1,0.214554
80,6,0,0.014843
80,6,1,0.890989
81,0,0,0.486972
81,0,1,0.486972
81,1,0,0.211205
81,1,1,0.390769
81,2,0,0.063226
81,2,1,0.589836
81,3,0,0.501014
81,3,1,0.067672
81,4,0,0.182435
81,4,1,0.578853
81,5,0,0.472009
81,5,1,0.237307
81,6,0,0.469189
81,6,1,0.467467
81,7,0,0.106979
81,7,1,0.102494
81,8,0,0.890014
81,8,1,0.738489
81,9,0,0.486592
81,9,1,0.486592
81,10,0,0.875282
81,10,1,0.100676
81,11,0,0.440474
81,11,1,0.440666
81,12,0,0.445892
81,12,1,0.445892
82,0,0,0.829398
82,0,1,0.261176
82,1,0,0.889709
82,1,1,0.047913
83,0,0,0.430192
83,0,1,0.430195
83,1,0,0.209662
83,1,1,0.105935
83,2,0,0.468652
83,2,1,0.860166
83,3,0,0.079975
83,3,1,0.388676
83,4,0,0.321131
83,4,1,0.840994
84,0,0,0.000963
84,0,1,0.998284
84,1,0,0.947379
84,1,1,0.001566
84,2,0,0.876864
84,2,1,0.093393
84,3,0,0.199373
84,3,1,0.160321
84,4,0,0.616397
84,4,1,0.483464
84,5,0,0.535497
84,5,1,0.991633
84,6,0,0.420071
84,6,1,0.749469
85,0,0,0.804327
85,0,1,0.080982
85,1,0,0.816745
85,1,1,0.497237
85,2,0,0.660384
85,2,1,0.439287
85,3,0,0.658472
85,3,1,0.090544
85,4,0,0.245146
85,4,1,0.067364
85,5,0,0.001284
85,5,1,0.785009
85,6,0,0.612070
85,6,1,0.718361
85,7,0,0.341757
85,7,1,0.567968
86,0,0,0.616080
86,0,1,0.902839
86,1,0,0.004575
86,1,1,0.389704
86,2,0,0.090849
86,2,1,0.574326
86,3,0,0.371642
86,3,1,0.376798
86,4,0,0.243655
86,4,1,0.056955
87,0,0,0.433216
87,0,1,0.562618
87,1,0,0.997140
87,1,1,0.579646
87,2,0,0.402003
87,2,1,0.594038
87,3,0,0.717121
87,3,1,0.141669
88,0,0,0.672821
88,0,1,0.956697
88,1,0,0.999930
88,1,1,0.000073
88,2,0,0.999508
88,2,1,0.001205
88,3,0,0.716492
88,3,1,0.951782
88,4,0,0.466171
88,4,1,0.738668
89,0,0,0.999279
89,0,1,0.105803
89,1,0,0.114462
89,1,1,0.100609
89,2,0,0.459618
89,2,1,0.598434
90,0,0,0.398899
90,0,1,0.398909
90,1,0,0.333804
90,1,1,0.472104
90,2,0,0.987245
90,2,1,0.712123
90,3,0,0.248349
90,3,1,0.924100
90,4,0,0.627308
90,4,1,0.405330
90,5,0,0.552452
90,5,1,0.469113
90,6,0,0.108444
90,6,1,0.161029
90,7,0,0.474527
90,7,1,0.588322
90,8,0,0.810860
90,8,1,0.142550
91,0,0,0.058436
91,0,1,0.353745
91,1,0,0.211740
91,1,1,0.728620
91,2,0,0.507456
91,2,1,0.507458
91,4,0,0.614383
91,4,1,0.736183
92,0,0,0.567480
92,0,1,0.838246
92,1,0,0.832234
92,1,1,0.452899
92,2,0,0.283756
92,2,1,0.322220
92,3,0,0.000469
92,3,1,0.354221
92,4,0,0.000200
92,4,1,0.452270
93,0,0,0.016312
93,0,1,0.576652
93,1,0,0.898282
93,1,1,0.673125
93,2,0,0.543932
93,2,1,0.543944
93,3,0,0.967873
93,3,1,0.814433
93,4,0,0.531125
93,4,1,0.531220
93,5,0,0.886553
93,5,1,0.326160
94,0,0,0.465431
94,0,1,0.228013
94,1,0,0.979091
94,1,1,0.564166
94,2,0,0.850505
94,2,1,0.851071
94,3,0,0.644000
94,3,1,0.841553
94,4,0,0.547285
94,4,1,0.554051
94,5,0,0.461454
94,5,1,0.488328
95,0,0,0.143517
95,0,1,0.809118
95,1,0,0.502880
95,1,1,0.601957
95,2,0,0.678098
95,2,1,0.440676
95,3,0,0.685896
95,3,1,0.565659
96,0,0,0.581987
96,0,1,0.748771
96,1,0,0.748007
96,1,1,0.878109
96,2,0,0.920455
96,2,1,0.018320
96,3,0,0.464330
96,3,1,0.797608
96,4,0,0.295415
96,4,1,0.312314
96,5,0,0.780391
96,5,1,0.812195
96,6,0,0.165905
96,6,1,0.508154
96,7,0,0.993736
96,7,1,0.258756
96,8,0,0.215473
96,8,1,0.282858
96,9,0,0.619607
96,9,1,0.030949
97,0,0,0.231040
97,0,1,0.860249
97,1,0,0.380424
97,1,1,0.138747
97,2,0,0.426039
97,2,1,0.344416
97,3,0,0.822667
97,3,1,0.382919
97,4,0,0.615664
97,4,1,0.247768
97,5,0,0.906286
97,5,1,0.647160
97,6,0,0.705861
97,6,1,0.243673
97,7,0,0.516667
97,7,1,0.516667
97,8,0,0.575127
97,8,1,0.508712
98,0,0,0.017163
98,0,1,0.933760
98,1,0,0.562771
98,1,1,0.342600
98,2,0,0.634291
98,2,1,0.562042
98,3,0,0.969472
98,3,1,0.031853
98,4,0,0.671922
98,4,1,0.044290
98,5,0,0.263467
98,5,1,0.463675
98,6,0,0.487480
98,6,1,0.636764
99,0,0,0.830775
99,0,1,0.695161
99,1,0,0.994556
99,1,1,0.003407
99,2,0,0.935360
99,2,1,0.924961
99,3,0,0.990484
99,3,1,0.001387
99,4,0,0.933062
99,4,1,0.367542
99,5,0,0.162840
99,5,1,0.403525
99,6,0,0.918808
99,6,1,0.641373
99,7,0,0.975917
99,7,1,0.568924
99,8,0,0.930455
99,8,1,0.761065
100,0,0,0.941117
100,0,1,0.038840
100,1,0,0.188339
100,1,1,0.811296
100,2,0,0.280708
100,2,1,0.590324
100,3,0,0.851937
100,3,1,0.903494
100,4,0,0.387607
100,4,1,0.603540
101,0,0,0.647654
101,0,1,0.632912
101,1,0,0.652030
101,1,1,0.721534
101,2,0,0.105152
101,2,1,0.209164
101,3,0,0.198358
101,3,1,0.575394
101,4,0,0.312864
101,4,1,0.088715
101,5,0,0.465155
101,5,1,0.506253
102,0,0,0.416116
102,0,1,0.681919
102,1,0,0.641037
102,1,1,0.489406
102,2,0,0.632095
102,2,1,0.417947
102,3,0,0.336231
102,3,1,0.516160
102,4,0,0.811602
102,4,1,0.387115
102,5,0,0.863377
102,5,1,0.534232
103,0,0,0.067259
103,0,1,0.659060
103,1,0,0.928672
103,1,1,0.909295
103,2,0,0.442983
103,2,1,0.254574
103,3,0,0.001118
103,3,1,0.998455
103,4,0,0.396098
103,4,1,0.661609
103,5,0,0.922772
103,5,1,0.050451
103,6,0,0.867926
103,6,1,0.763016
103,7,0,0.994964
103,7,1,0.037956
103,8,0,0.085201
103,8,1,0.962729
103,9,0,0.432624
103,9,1,0.431989
104,0,0,0.250144
104,0,1,0.049463
104,1,0,0.036856
104,1,1,0.476498
104,2,0,0.376473
104,2,1,0.394316
104,3,0,0.574088
104,3,1,0.050597
104,4,0,0.232249
104,4,1,0.332746
104,5,0,0.903609
104,5,1,0.495908
104,6,0,0.331456
104,6,1,0.047908
104,7,0,0.999487
104,7,1,0.005398
105,0,0,0.691768
105,0,1,0.775387
105,1,0,0.577613
105,1,1,0.698765
105,2,0,0.721704
105,2,1,0.800481
105,3,0,0.570000
105,3,1,0.646017
105,4,0,0.730602
105,4,1,0.543102
106,0,0,0.638578
106,0,1,0.321798
106,1,0,0.951719
106,1,1,0.511903
106,2,0,0.012263
106,2,1,0.905597
106,3,0,0.752847
106,3,1,0.386535
106,4,0,0.772935
106,4,1,0.452364
107,0,0,0.000268
107,0,1,0.999906
107,1,0,0.075599
107,1,1,0.904856
108,0,0,0.343119
108,0,1,0.204227
108,1,0,0.006714
108,1,1,0.858402
108,2,0,0.401663
108,2,1,0.649668
108,3,0,0.762108
108,3,1,0.423971
108,4,0,0.591451
108,4,1,0.398599
108,5,0,0.360880
108,5,1,0.306537
109,0,0,0.113333
109,0,1,0.009645
109,1,0,0.081474
109,1,1,0.813778
109,2,0,0.629300
109,2,1,0.267723
109,3,0,0.036678
109,3,1,0.950616
109,4,0,0.800924
109,4,1,0.062262
109,5,0,0.233431
109,5,1,0.765758
109,6,0,0.039438
109,6,1,0.387253
109,7,0,0.124396
109,7,1,0.988750
110,0,0,0.442112
110,0,1,0.430781
110,1,0,0.337345
110,1,1,0.792935
110,2,0,0.592576
110,2,1,0.341916
111,0,0,0.339765
111,0,1,0.900601
111,1,0,0.612502
111,1,1,0.283955
111,2,0,0.709373
111,2,1,0.856180
111,3,0,0.672589
111,3,1,0.670478
111,4,0,0.607211
111,4,1,0.554730
111,5,0,0.967223
111,5,1,0.637375
111,6,0,0.574426
111,6,1,0.490642
111,7,0,0.932179
111,7,1,0.023564
111,8,0,0.536142
111,8,1,0.249856
111,9,0,0.637637
111,9,1,0.319768
112,0,0,0.007729
112,0,1,0.650826
112,1,0,0.124708
112,1,1,0.515578
112,2,0,0.964726
112,2,1,0.122450
112,3,0,0.802166
112,3,1,0.788931
113,0,0,0.613368
113,0,1,0.193850
113,1,0,0.967589
113,1,1,0.009933
113,2,0,0.842361
113,2,1,0.167479
114,0,0,0.455325
114,0,1,0.453346
114,1,0,0.709467
114,1,1,0.510736
114,2,0,0.487786
114,2,1,0.369636
115,0,0,0.452708
115,0,1,0.000050
115,1,0,0.714279
115,1,1,0.813818
115,2,0,0.738812
115,2,1,0.598610
115,3,0,0.200125
115,3,1,0.679051
115,4,0,0.706427
115,4,1,0.399325
115,5,0,0.244415
115,5,1,0.854090
116,0,0,0.594820
116,0,1,0.550180
116,1,0,0.362429
116,1,1,0.173155
116,2,0,0.514523
116,2,1,0.732930
116,3,0,0.633552
116,3,1,0.462549
116,4,0,0.482745
116,4,1,0.482740
116,5,0,0.527448
116,5,1,0.891213
116,6,0,0.555755
116,6,1,0.555764
116,7,0,0.984594
116,7,1,0.014424
117,0,0,0.857552
117,0,1,0.857552
117,1,0,0.825062
117,1,1,0.185347
117,2,0,0.819547
117,2,1,0.005913
117,3,0,0.019790
117,3,1,0.619492
117,4,0,0.592498
117,4,1,0.987168
117,5,0,0.749784
117,5,1,0.547641
117,6,0,0.992243
117,6,1,0.149440
117,7,0,0.728776
117,7,1,0.163580
117,8,0,0.012630
117,8,1,0.998802
117,9,0,0.016608
117,9,1,0.969577
118,0,0,0.397201
118,0,1,0.988778
118,1,0,0.420615
118,1,1,0.522557
118,2,0,0.462933
118,2,1,0.997833
118,3,0,0.641285
118,3,1,0.533284
118,4,0,0.598364
118,4,1,0.173146
118,5,0,0.534760
118,5,1,0.444715
118,6,0,0.509128
118,6,1,0.315212
119,0,0,0.312119
119,0,1,0.813915
119,1,0,0.561810
119,1,1,0.578990
119,2,0,0.865491
119,2,1,0.365695
119,3,0,0.081659
119,3,1,0.593234
119,4,0,0.494482
119,4,1,0.717719
119,5,0,0.512419
119,5,1,0.823953
119,6,0,0.104160
119,6,1,0.891290
119,7,0,0.462962
119,7,1,0.400055
120,0,0,0.831927
120,0,1,0.610884
120,1,0,0.755330
120,1,1,0.587233
120,2,0,0.547005
120,2,1,0.547111
120,3,0,0.676235
120,3,1,0.830234
120,4,0,0.518760
120,4,1,0.772015
120,5,0,0.030578
120,5,1,0.702046
120,6,0,0.972645
120,6,1,0.175146
120,7,0,0.053584
120,7,1,0.935670
121,0,0,0.306057
121,0,1,0.248157
121,1,0,0.885857
121,1,1,0.696877
121,2,0,0.163709
121,2,1,0.146745
121,3,0,0.814010
121,3,1,0.866093
122,0,0,0.289566
122,0,1,0.867010
122,1,0,0.000456
122,1,1,0.950736
122,2,0,0.118787
122,2,1,0.990178
122,3,0,0.993464
122,3,1,0.002097
122,4,0,0.086573
122,4,1,0.795332
122,5,0,0.875713
122,5,1,0.019108
122,6,0,0.898505
122,6,1,0.575489
123,0,0,0.259153
123,0,1,0.389753
123,1,0,0.455194
123,1,1,0.455177
123,2,0,0.024842
123,2,1,0.930468
123,3,0,0.451011
123,3,1,0.740236
124,0,0,0.988856
124,0,1,0.993975
124,1,0,0.939682
124,1,1,0.617805
124,2,0,0.010874
124,2,1,0.520804
124,3,0,0.134754
124,3,1,0.802221
124,4,0,0.361048
124,4,1,0.012853
125,0,0,0.048592
125,0,1,0.997292
125,1,0,0.989584
125,1,1,0.012824
125,2,0,0.999037
125,2,1,0.747963
125,3,0,0.996576
125,3,1,0.004458
125,4,0,0.801486
125,4,1,0.628754
125,5,0,0.702239
125,5,1,0.195724
125,6,0,0.120551
125,6,1,0.874341
126,0,0,0.000250
126,0,1,0.999879
126,1,0,0.473127
126,1,1,0.999316
126,2,0,0.838178
126,2,1,0.036564
126,3,0,0.929479
126,3,1,0.604413
126,4,0,0.758222
126,4,1,0.340408
126,5,0,0.998817
126,5,1,0.007190
126,6,0,0.963930
126,6,1,0.403520
127,0,0,0.382603
127,0,1,0.750544
127,1,0,0.998211
127,1,1,0.656343
127,2,0,0.000569
127,2,1,0.434945
127,3,0,0.561928
127,3,1,0.061016
127,4,0,0.689942
127,4,1,0.612883
127,5,0,0.705261
127,5,1,0.006100
128,0,0,0.563810
128,0,1,0.495263
128,1,0,0.549173
128,1,1,0.388766
128,2,0,0.609283
128,2,1,0.222507
128,3,0,0.457613
128,3,1,0.508710
128,4,0,0.685190
128,4,1,0.123446
128,5,0,0.190790
128,5,1,0.580005
128,6,0,0.922061
128,6,1,0.432968
128,7,0,0.824866
128,7,1,0.433545
128,8,0,0.977466
128,8,1,0.011642
128,9,0,0.038502
128,9,1,0.864705
129,0,0,0.455628
129,0,1,0.610295
129,1,0,0.460752
129,1,1,0.545638
129,2,0,0.962309
129,2,1,0.064107
129,3,0,0.607826
129,3,1,0.721156
129,4,0,0.501633
129,4,1,0.668963
130,0,0,0.377330
130,0,1,0.818679
130,1,0,0.582644
130,1,1,0.476998
130,2,0,0.029467
130,2,1,0.992446
130,3,0,0.134323
130,3,1,0.723402
130,4,0,0.076701
130,4,1,0.978286
130,5,0,0.750208
130,5,1,0.821387
130,6,0,0.121143
130,6,1,0.853400
130,7,0,0.477601
130,7,1,0.139083
130,8,0,0.890238
130,8,1,0.962290
131,0,0,0.331685
131,0,1,0.415743
131,1,0,0.346839
131,1,1,0.428833
131,2,0,0.004542
131,2,1,0.842954
131,3,0,0.317101
131,3,1,0.516359
131,4,0,0.096478
131,4,1,0.902952
131,5,0,0.628786
131,5,1,0.513691
131,7,0,0.067495
131,7,1,0.664928
131,8,0,0.965549
131,8,1,0.849884
131,9,0,0.903624
131,9,1,0.181545
131,10,0,0.963724
131,10,1,0.916868
132,0,0,0.608523
132,0,1,0.608523
132,1,0,0.002072
132,1,1,0.999335
132,2,0,0.014616
132,2,1,0.991926
132,3,0,0.788801
132,3,1,0.494057
132,4,0,0.582146
132,4,1,0.582110
132,5,0,0.004212
132,5,1,0.951157
132,6,0,0.564531
132,6,1,0.564531
133,0,0,0.005895
133,0,1,0.891891
133,1,0,0.120285
133,1,1,0.852694
133,2,0,0.661932
133,2,1,0.403402
133,3,0,0.014465
133,3,1,0.649988
133,4,0,0.027840
133,4,1,0.029747
133,5,0,0.743381
133,5,1,0.888809
133,6,0,0.603013
133,6,1,0.603013
134,0,0,0.800453
134,0,1,0.109430
134,1,0,0.454575
134,1,1,0.454575
134,2,0,0.042567
134,2,1,0.424462
134,3,0,0.206956
134,3,1,0.846337
134,4,0,0.890713
134,4,1,0.112036
134,5,0,0.897089
134,5,1,0.000944
134,6,0,0.127247
134,6,1,0.205170
134,7,0,0.603305
134,7,1,0.987181
134,8,0,0.190350
134,8,1,0.734004
135,0,0,0.373523
135,0,1,0.099674
135,1,0,0.996538
135,1,1,0.815300
135,2,0,0.470362
135,2,1,0.704753
135,3,0,0.333700
135,3,1,0.455603
135,4,0,0.905627
135,4,1,0.913235
135,5,0,0.284737
135,5,1,0.602783
135,6,0,0.950121
135,6,1,0.299684
135,7,0,0.997549
135,7,1,0.166555
135,8,0,0.552796
135,8,1,0.169062
135,9,0,0.409509
135,9,1,0.915180
136,0,0,0.442404
136,0,1,0.442396
136,1,0,0.252403
136,1,1,0.712663
137,0,0,0.756701
137,0,1,0.951801
137,1,0,0.347232
137,1,1,0.908916
137,2,0,0.306739
137,2,1,0.946102
137,3,0,0.026163
137,3,1,0.925462
137,4,0,0.585156
137,4,1,0.226731
137,5,0,0.093960
137,5,1,0.626481
137,6,0,0.534534
137,6,1,0.449404
137,7,0,0.454530
137,7,1,0.616737
137,8,0,0.568342
137,8,1,0.353712
138,0,0,0.899205
138,0,1,0.781343
138,1,0,0.930900
138,1,1,0.555167
138,2,0,0.561515
138,2,1,0.736826
138,3,0,0.431306
138,3,1,0.855871
138,4,0,0.154882
138,4,1,0.148917
138,5,0,0.895694
138,5,1,0.166405
138,6,0,0.999806
138,6,1,0.000155
138,7,0,0.209407
138,7,1,0.901473
138,8,0,0.998993
138,8,1,0.003167
138,9,0,0.479675
138,9,1,0.908155
139,0,0,0.523020
139,0,1,0.523033
139,1,0,0.224883
139,1,1,0.926173
139,2,0,0.475326
139,2,1,0.677640
139,3,0,0.337168
139,3,1,0.493005
139,4,0,0.953365
139,4,1,0.367184
139,5,0,0.608909
139,5,1,0.952618
139,6,0,0.501472
139,6,1,0.501462
139,7,0,0.534574
139,7,1,0.999088
139,8,0,0.004112
139,8,1,0.993184
139,9,0,0.537215
139,9,1,0.537208
139,10,0,0.090503
139,10,1,0.415655
139,11,0,0.993359
139,11,1,0.975732
140,0,0,0.240370
140,0,1,0.188096
140,1,0,0.083530
140,1,1,0.730563
140,2,0,0.323686
140,2,1,0.991632
140,3,0,0.558031
140,3,1,0.672863
140,4,0,0.501810
140,4,1,0.113594
141,0,0,0.601992
141,0,1,0.682799
141,1,0,0.784924
141,1,1,0.328399
141,2,0,0.000350
141,2,1,0.999640
141,3,0,0.071633
141,3,1,0.349016
141,4,0,0.970318
141,4,1,0.017484
141,5,0,0.921534
141,5,1,0.152308
141,6,0,0.044958
141,6,1,0.907952
141,7,0,0.999209
141,7,1,0.006365
141,8,0,0.309172
141,8,1,0.541148
141,9,0,0.187778
141,9,1,0.208097
141,10,0,0.109510
141,10,1,0.149263
141,11,0,0.999505
141,11,1,0.001193
142,0,0,0.083052
142,0,1,0.975431
142,1,0,0.996788
142,1,1,0.018541
142,2,0,0.577462
142,2,1,0.996559
142,3,0,0.850705
142,3,1,0.089939
142,4,0,0.242429
142,4,1,0.272243
143,0,0,0.678195
143,0,1,0.785666
143,1,0,0.504342
143,1,1,0.937290
143,2,0,0.977249
143,2,1,0.332330
143,3,0,0.993604
143,3,1,0.681774
143,4,0,0.944751
143,4,1,0.956884
143,5,0,0.681078
143,5,1,0.851493
143,6,0,0.189125
143,6,1,0.704785
143,7,0,0.281743
143,7,1,0.495821
144,0,0,0.679960
144,0,1,0.075513
144,1,0,0.046659
144,1,1,0.932925
144,2,0,0.925541
144,2,1,0.456287
144,3,0,0.515456
144,3,1,0.519299
144,4,0,0.534229
144,4,1,0.939979
144,5,0,0.945620
144,5,1,0.522930
145,0,0,0.533996
145,0,1,0.716908
145,1,0,0.756839
145,1,1,0.559008
145,2,0,0.471670
145,2,1,0.120474
145,3,0,0.720021
145,3,1,0.541844
146,0,0,0.641100
146,0,1,0.461609
146,1,0,0.013608
146,1,1,0.991463
146,2,0,0.000890
146,2,1,0.999628
146,3,0,0.958310
146,3,1,0.001628
146,4,0,0.276400
146,4,1,0.399005
146,5,0,0.467980
146,5,1,0.641320
147,0,0,0.730517
147,0,1,0.131297
147,1,0,0.485808
147,1,1,0.970330
147,2,0,0.941082
147,2,1,0.899563
147,3,0,0.316483
147,3,1,0.622219
148,0,0,0.167468
148,0,1,0.637761
148,1,0,0.234872
148,1,1,0.920620
148,2,0,0.011489
148,2,1,0.999619
148,3,0,0.527966
148,3,1,0.006815
148,4,0,0.952004
148,4,1,0.601515
148,5,0,0.778157
148,5,1,0.310616
148,6,0,0.160535
148,6,1,0.914669
148,7,0,0.115643
148,7,1,0.165476
148,8,0,0.375256
148,8,1,0.460736
148,9,0,0.622380
148,9,1,0.615016
149,0,0,0.998127
149,0,1,0.322662
149,1,0,0.502172
149,1,1,0.362523
150,0,0,0.017572
150,0,1,0.978862
150,1,0,0.892454
150,1,1,0.693610
150,2,0,0.513776
150,2,1,0.841053
150,3,0,0.322562
150,3,1,0.383749
150,4,0,0.072045
150,4,1,0.344291
150,5,0,0.628216
150,5,1,0.684552
150,6,0,0.426530
150,6,1,0.991962
150,7,0,0.459013
150,7,1,0.435099
150,8,0,0.981443
150,8,1,0.535524
150,9,0,0.286199
150,9,1,0.440958
151,0,0,0.108491
151,0,1,0.276073
151,1,0,0.783587
151,1,1,0.566035
151,2,0,0.719193
151,2,1,0.714955
151,3,0,0.648029
151,3,1,0.562855
151,4,0,0.483370
151,4,1,0.688536
151,5,0,0.931868
151,5,1,0.005003
151,6,0,0.609127
151,6,1,0.314019
152,0,0,0.571556
152,0,1,0.719767
152,1,0,0.677435
152,1,1,0.517923
152,2,0,0.447545
152,2,1,0.362948
152,3,0,0.552828
152,3,1,0.484524
153,0,0,0.061946
153,0,1,0.993380
153,1,0,0.991603
153,1,1,0.235089
154,0,0,0.548952
154,0,1,0.548952
154,1,0,0.606148
154,1,1,0.507361
154,2,0,0.015412
154,2,1,0.004841
155,0,0,0.437327
155,0,1,0.914173
155,1,0,0.054076
155,1,1,0.903839
155,2,0,0.495540
155,2,1,0.874357
155,3,0,0.543507
155,3,1,0.989452
155,4,0,0.913034
155,4,1,0.019704
155,5,0,0.464912
155,5,1,0.464818
156,0,0,0.601540
156,0,1,0.762840
156,1,0,0.979152
156,1,1,0.720350
157,0,0,0.153071
157,0,1,0.927347
157,1,0,0.505562
157,1,1,0.505562
157,2,0,0.568259
157,2,1,0.403791
157,3,0,0.486649
157,3,1,0.458899
158,0,0,0.402923
158,0,1,0.282294
158,1,0,0.844961
158,1,1,0.422532
158,2,0,0.998177
158,2,1,0.235371
158,3,0,0.610919
158,3,1,0.720870
158,4,0,0.714034
158,4,1,0.446552
158,5,0,0.069318
158,5,1,0.075093
158,6,0,0.728212
158,6,1,0.134994
159,0,0,0.348590
159,0,1,0.512199
159,1,0,0.661323
159,1,1,0.459922
159,2,0,0.559585
159,2,1,0.787970
159,3,0,0.833728
159,3,1,0.393592
159,4,0,0.784241
159,4,1,0.152593
159,5,0,0.966237
159,5,1,0.018834
159,6,0,0.370684
159,6,1,0.595092
160,0,0,0.909585
160,0,1,0.574877
160,1,0,0.457959
160,1,1,0.457959
160,2,0,0.509891
160,2,1,0.509748
160,3,0,0.947959
160,3,1,0.039191
160,4,0,0.500038
160,4,1,0.500038
161,0,0,0.599533
161,0,1,0.988767
161,1,0,0.526850
161,1,1,0.854729
161,2,0,0.338468
161,2,1,0.239764
161,3,0,0.502336
161,3,1,0.502339
161,4,0,0.020786
161,4,1,0.644025
161,5,0,0.839496
161,5,1,0.609568
162,0,0,0.419833
162,0,1,0.528765
162,1,0,0.015516
162,1,1,0.880111
162,2,0,0.005104
162,2,1,0.522490
162,3,0,0.160234
162,3,1,0.438276
162,4,0,0.079066
162,4,1,0.226790
162,5,0,0.519014
162,5,1,0.997689
162,6,0,0.854147
162,6,1,0.004132
162,7,0,0.255747
162,7,1,0.542640
163,0,0,0.956550
163,0,1,0.529816
163,1,0,0.539351
163,1,1,0.539351
163,2,0,0.557277
163,2,1,0.557306
163,3,0,0.784972
163,3,1,0.231940
163,4,0,0.889308
163,4,1,0.006704
163,5,0,0.842912
163,5,1,0.156447
163,6,0,0.520549
163,6,1,0.520549
163,7,0,0.681484
163,7,1,0.168023
163,8,0,0.481321
163,8,1,0.481320
163,9,0,0.573039
163,9,1,0.573039
164,0,0,0.787591
164,0,1,0.837362
164,1,0,0.103532
164,1,1,0.911729
164,2,0,0.575306
164,2,1,0.000117
164,3,0,0.575184
164,3,1,0.275144
164,4,0,0.019549
164,4,1,0.918899
165,0,0,0.591663
165,0,1,0.591663
165,1,0,0.253538
165,1,1,0.999367
165,2,0,0.212615
165,2,1,0.455583
165,3,0,0.060816
165,3,1,0.993512
165,4,0,0.721454
165,4,1,0.510100
165,5,0,0.917154
165,5,1,0.026986
165,6,0,0.523324
165,6,1,0.523324
165,7,0,0.874578
165,7,1,0.558009
166,0,0,0.977900
166,0,1,0.304276
166,1,0,0.364147
166,1,1,0.791416
166,2,0,0.003897
166,2,1,0.864791
166,3,0,0.557659
166,3,1,0.272826
167,0,0,0.209293
167,0,1,0.382793
167,1,0,0.374474
167,1,1,0.450938
167,2,0,0.689207
167,2,1,0.853227
167,3,0,0.608826
167,3,1,0.243937
168,0,0,0.775362
168,0,1,0.562372
168,1,0,0.796330
168,1,1,0.728031
168,2,0,0.444096
168,2,1,0.256558
168,3,0,0.821627
168,3,1,0.824560
168,4,0,0.540304
168,4,1,0.966797
168,5,0,0.543673
168,5,1,0.543676
169,0,0,0.027771
169,0,1,0.874045
169,1,0,0.011165
169,1,1,0.873223
169,2,0,0.773331
169,2,1,0.402146
169,3,0,0.970260
169,3,1,0.698528
169,4,0,0.000866
169,4,1,0.881683
170,0,0,0.904915
170,0,1,0.327790
170,1,0,0.871709
170,1,1,0.607661
170,2,0,0.190215
170,2,1,0.296297
170,3,0,0.314008
170,3,1,0.474647
170,4,0,0.523440
170,4,1,0.575248
170,5,0,0.587494
170,5,1,0.325601
171,0,0,0.151473
171,0,1,0.178538
171,1,0,0.582943
171,1,1,0.582943
171,2,0,0.591559
171,2,1,0.591559
171,3,0,0.028137
171,3,1,0.686965
172,0,0,0.607127
172,0,1,0.139497
172,1,0,0.258305
172,1,1,0.348189
172,2,0,0.968094
172,2,1,0.479766
172,3,0,0.217954
172,3,1,0.872996
172,4,0,0.414111
172,4,1,0.439488
172,5,0,0.587069
172,5,1,0.447444
172,6,0,0.721797
172,6,1,0.762542
173,0,0,0.502766
173,0,1,0.295232
173,1,0,0.820084
173,1,1,0.147131
173,2,0,0.555570
173,2,1,0.953936
173,3,0,0.486656
173,3,1,0.605934
173,4,0,0.850064
173,4,1,0.100836
173,5,0,0.208915
173,5,1,0.316755
174,0,0,0.551021
174,0,1,0.551071
174,1,0,0.632010
174,1,1,0.785771
174,2,0,0.678876
174,2,1,0.678832
174,3,0,0.514632
174,3,1,0.829375
175,0,0,0.003166
175,0,1,0.674840
175,1,0,0.009106
175,1,1,0.950846
175,2,0,0.146847
175,2,1,0.998690
175,3,0,0.186194
175,3,1,0.755979
175,4,0,0.985079
175,4,1,0.857218
175,5,0,0.001539
175,5,1,0.999116
175,6,0,0.934469
175,6,1,0.028283
175,7,0,0.913214
175,7,1,0.000923
175,8,0,0.341004
175,8,1,0.106079
176,0,0,0.446554
176,0,1,0.891798
176,1,0,0.798481
176,1,1,0.917379
176,2,0,0.015698
176,2,1,0.532380
177,0,0,0.926684
177,0,1,0.125627
177,1,0,0.909963
177,1,1,0.304556
177,2,0,0.849088
177,2,1,0.560416
177,3,0,0.680648
177,3,1,0.595938
177,4,0,0.538512
177,4,1,0.059650
177,5,0,0.596309
177,5,1,0.183177
178,0,0,0.949065
178,0,1,0.122544
178,1,0,0.462086
178,1,1,0.552179
178,2,0,0.786060
178,2,1,0.400559
178,3,0,0.002741
178,3,1,0.926538
178,4,0,0.547072
178,4,1,0.548061
178,5,0,0.004546
178,5,1,0.947104
178,6,0,0.648861
178,6,1,0.324045
179,0,0,0.528856
179,0,1,0.990947
179,1,0,0.291442
179,1,1,0.822446
179,2,0,0.768756
179,2,1,0.977648
179,3,0,0.519390
179,3,1,0.743701
179,4,0,0.295238
179,4,1,0.770412
179,5,0,0.318715
179,5,1,0.326975
179,6,0,0.439455
179,6,1,0.613671
180,0,0,0.429720
180,0,1,0.452262
180,1,0,0.410407
180,1,1,0.409622
180,2,0,0.405834
180,2,1,0.405834
180,3,0,0.017484
180,3,1,0.620265
180,4,0,0.675530
180,4,1,0.178318
180,5,0,0.499992
180,5,1,0.354576
180,6,0,0.462724
180,6,1,0.368027
180,7,0,0.757770
180,7,1,0.645087
181,0,0,0.997949
181,0,1,0.293878
181,1,0,0.749026
181,1,1,0.607461
181,2,0,0.000276
181,2,1,0.983772
181,3,0,0.369754
181,3,1,0.631824
181,4,0,0.944726
181,4,1,0.377454
182,0,0,0.035214
182,0,1,0.804686
182,1,0,0.618437
182,1,1,0.856064
183,0,0,0.462513
183,0,1,0.486458
183,1,0,0.630245
183,1,1,0.492147
183,2,0,0.468243
183,2,1,0.843765
183,3,0,0.998720
183,3,1,0.552113
183,4,0,0.803830
183,4,1,0.686251
183,5,0,0.517760
183,5,1,0.379174
183,6,0,0.638138
183,6,1,0.103671
183,7,0,0.838004
183,7,1,0.458601
183,8,0,0.546277
183,8,1,0.760580
183,9,0,0.974364
183,9,1,0.487450
183,10,0,0.157485
183,10,1,0.537756
184,0,0,0.465169
184,0,1,0.465169
184,1,0,0.489169
184,1,1,0.015831
184,2,0,0.603020
184,2,1,0.811908
184,3,0,0.790813
184,3,1,0.757948
184,4,0,0.728060
184,4,1,0.525472
184,5,0,0.041166
184,5,1,0.189484
184,6,0,0.494188
184,6,1,0.163400
184,7,0,0.057560
184,7,1,0.688824
184,8,0,0.648950
184,8,1,0.637822
185,0,0,0.425608
185,0,1,0.563768
185,1,0,0.938540
185,1,1,0.535841
185,2,0,0.011525
185,2,1,0.037585
185,3,0,0.099411
185,3,1,0.138637
185,4,0,0.077947
185,4,1,0.009205
185,5,0,0.551298
185,5,1,0.551494
185,6,0,0.913107
185,6,1,0.038411
185,7,0,0.708781
185,7,1,0.770979
186,0,0,0.388529
186,0,1,0.062473
186,1,0,0.657632
186,1,1,0.485291
186,2,0,0.517414
186,2,1,0.518086
186,3,0,0.899748
186,3,1,0.993964
186,4,0,0.829500
186,4,1,0.004134
186,5,0,0.587884
186,5,1,0.228536
187,0,0,0.730993
187,0,1,0.499626
187,1,0,0.463063
187,1,1,0.918790
187,2,0,0.555462
187,2,1,0.418115
187,3,0,0.628079
187,3,1,0.126936
187,4,0,0.489462
187,4,1,0.780721
187,5,0,0.751304
187,5,1,0.146949
187,6,0,0.316447
187,6,1,0.522250
187,7,0,0.551352
187,7,1,0.264351
188,0,0,0.799544
188,0,1,0.997428
188,1,0,0.988766
188,1,1,0.993156
188,2,0,0.537945
188,2,1,0.499552
188,3,0,0.595534
188,3,1,0.552873
188,4,0,0.723038
188,4,1,0.415095
188,5,0,0.697724
188,5,1,0.739227
188,6,0,0.248245
188,6,1,0.996315
189,0,0,0.072588
189,0,1,0.886094
189,1,0,0.381339
189,1,1,0.732657
189,2,0,0.868403
189,2,1,0.854975
189,3,0,0.794094
189,3,1,0.584314
189,4,0,0.522486
189,4,1,0.522471
189,5,0,0.039268
189,5,1,0.103530
189,6,0,0.795182
189,6,1,0.659561
189,7,0,0.493224
189,7,1,0.858557
189,8,0,0.062990
189,8,1,0.433810
189,9,0,0.566876
189,9,1,0.566886
189,10,0,0.073998
189,10,1,0.546364
190,0,0,0.708867
190,0,1,0.378910
190,1,0,0.849551
190,1,1,0.869719
190,2,0,0.683781
190,2,1,0.936858
190,3,0,0.875649
190,3,1,0.210168
190,4,0,0.906020
190,4,1,0.873478
190,5,0,0.936428
190,5,1,0.855054
190,6,0,0.591894
190,6,1,0.782066
190,7,0,0.861889
190,7,1,0.000197
190,8,0,0.469466
190,8,1,0.469307
191,0,0,0.617143
191,0,1,0.033648
191,1,0,0.856066
191,1,1,0.752530
191,2,0,0.000146
191,2,1,0.995838
191,3,0,0.589155
191,3,1,0.137648
192,0,0,0.951871
192,0,1,0.420566
192,1,0,0.101769
192,1,1,0.976595
192,2,0,0.385786
192,2,1,0.149074
192,3,0,0.007063
192,3,1,0.994599
193,0,0,0.757663
193,0,1,0.856003
193,1,0,0.316001
193,1,1,0.653310
193,2,0,0.978941
193,2,1,0.010515
193,3,0,0.725095
193,3,1,0.304079
193,4,0,0.008173
193,4,1,0.992552
194,0,0,0.531675
194,0,1,0.598011
194,1,0,0.473629
194,1,1,0.934819
194,2,0,0.185151
194,2,1,0.333924
194,3,0,0.142535
194,3,1,0.946262
194,4,0,0.354432
194,4,1,0.452011
194,5,0,0.486089
194,5,1,0.580525
194,6,0,0.325504
194,6,1,0.369415
195,0,0,0.658821
195,0,1,0.578867
195,1,0,0.763312
195,1,1,0.312101
195,2,0,0.879389
195,2,1,0.755086
195,3,0,0.450348
195,3,1,0.146268
195,4,0,0.806250
195,4,1,0.088089
196,0,0,0.917247
196,0,1,0.452012
196,1,0,0.426846
196,1,1,0.621718
196,2,0,0.034281
196,2,1,0.327424
196,3,0,0.412686
196,3,1,0.494829
196,4,0,0.479269
196,4,1,0.331237
196,5,0,0.514550
196,5,1,0.669001
196,6,0,0.715491
196,6,1,0.296060
196,7,0,0.991739
196,7,1,0.002933
196,8,0,0.972011
196,8,1,0.013291
196,9,0,0.638815
196,9,1,0.041326
196,10,0,0.279547
196,10,1,0.278963
196,11,0,0.596154
196,11,1,0.490044
197,0,0,0.345277
197,0,1,0.345305
197,1,0,0.322861
197,1,1,0.238858
197,2,0,0.009596
197,2,1,0.282174
197,3,0,0.007812
197,3,1,0.330843
197,4,0,0.574879
197,4,1,0.069712
197,5,0,0.157455
197,5,1,0.806513
197,6,0,0.309903
197,6,1,0.121734
198,0,0,0.559362
198,0,1,0.462417
198,1,0,0.402860
198,1,1,0.238769
198,2,0,0.622661
198,2,1,0.469429
198,3,0,0.558321
198,3,1,0.098528
199,0,0,0.556552
199,0,1,0.556552
199,1,0,0.607006
199,1,1,0.607006
199,2,0,0.616634
199,2,1,0.616634
199,3,0,0.454578
199,3,1,0.830537
199,4,0,0.665032
199,4,1,0.071700
199,5,0,0.783437
199,5,1,0.841439
199,6,0,0.474529
199,6,1,0.474601
199,7,0,0.002868
199,7,1,0.997951
199,8,0,0.914088
199,8,1,0.001767
199,9,0,0.573270
199,9,1,0.573270
200,0,0,0.008231
200,0,1,0.872116
200,1,0,0.297516
200,1,1,0.547121
200,2,0,0.969524
200,2,1,0.288167
200,3,0,0.538275
200,3,1,0.533045
201,0,0,0.942903
201,0,1,0.471991
201,1,0,0.544447
201,1,1,0.778955
201,2,0,0.498147
201,2,1,0.552871
201,3,0,0.897858
201,3,1,0.008170
201,4,0,0.633245
201,4,1,0.670503
202,0,0,0.563664
202,0,1,0.452492
202,1,0,0.894345
202,1,1,0.804112
202,2,0,0.524538
202,2,1,0.524538
202,3,0,0.241896
202,3,1,0.455945
202,4,0,0.129477
202,4,1,0.938831
202,5,0,0.270916
202,5,1,0.572150
202,6,0,0.442877
202,6,1,0.859981
203,0,0,0.359791
203,0,1,0.236962
203,1,0,0.590826
203,1,1,0.590456
203,2,0,0.800626
203,2,1,0.065556
203,3,0,0.259482
203,3,1,0.820854
203,4,0,0.646955
203,4,1,0.094705
203,5,0,0.501359
203,5,1,0.677672
203,6,0,0.555715
203,6,1,0.660884
203,7,0,0.155371
203,7,1,0.349498
203,8,0,0.476483
203,8,1,0.305897
203,9,0,0.865939
203,9,1,0.531255
204,0,0,0.999968
204,0,1,0.000076
204,1,0,0.102228
204,1,1,0.975675
204,2,0,0.520188
204,2,1,0.990407
204,3,0,0.709810
204,3,1,0.780898
205,0,0,0.768055
205,0,1,0.481424
205,1,0,0.326361
205,1,1,0.569942
205,2,0,0.567101
205,2,1,0.079122
205,3,0,0.816454
205,3,1,0.693819
205,4,0,0.323878
205,4,1,0.984723
205,5,0,0.456724
205,5,1,0.319098
205,6,0,0.230266
205,6,1,0.784280
206,0,0,0.593176
206,0,1,0.757036
206,1,0,0.630602
206,1,1,0.630444
206,2,0,0.994225
206,2,1,0.016967
207,0,0,0.041004
207,0,1,0.567086
207,1,0,0.999210
207,1,1,0.012021
207,2,0,0.412113
207,2,1,0.524339
207,3,0,0.492567
207,3,1,0.517131
207,4,0,0.972819
207,4,1,0.961894
207,5,0,0.960955
207,5,1,0.661363
208,0,0,0.639793
208,0,1,0.141116
208,1,0,0.003465
208,1,1,0.998472
208,2,0,0.510921
208,2,1,0.489933
208,3,0,0.999641
208,3,1,0.003833
208,4,0,0.811349
208,4,1,0.353352
208,5,0,0.138029
208,5,1,0.839875
208,6,0,0.564395
208,6,1,0.564393
208,7,0,0.335632
208,7,1,0.519390
208,8,0,0.996258
208,8,1,0.607469
209,0,0,0.430610
209,0,1,0.783107
209,1,0,0.585734
209,1,1,0.532878
209,2,0,0.367360
209,2,1,0.999715
209,3,0,0.252792
209,3,1,0.205044
209,4,0,0.635951
209,4,1,0.799542
210,0,0,0.987719
210,0,1,0.588923
210,1,0,0.534358
210,1,1,0.534358
210,2,0,0.502827
210,2,1,0.504083
210,3,0,0.999647
210,3,1,0.013792
210,4,0,0.322822
210,4,1,0.273284
210,5,0,0.549490
210,5,1,0.814035
210,6,0,0.518046
210,6,1,0.518046
211,0,0,0.021151
211,0,1,0.436830
211,1,0,0.531226
211,1,1,0.546592
211,2,0,0.548705
211,2,1,0.548702
211,3,0,0.474819
211,3,1,0.623231
211,4,0,0.486624
211,4,1,0.486624
212,0,0,0.941096
212,0,1,0.925946
212,1,0,0.954705
212,1,1,0.464368
212,2,0,0.483833
212,2,1,0.619134
212,3,0,0.597847
212,3,1,0.157611
212,4,0,0.993314
212,4,1,0.875102
212,5,0,0.814973
212,5,1,0.814973
212,6,0,0.302352
212,6,1,0.886948
213,0,0,0.993651
213,0,1,0.026604
213,1,0,0.985312
213,1,1,0.001262
213,2,0,0.017593
213,2,1,0.921871
213,3,0,0.974591
213,3,1,0.075748
214,0,0,0.585111
214,0,1,0.853738
214,1,0,0.588530
214,1,1,0.589767
214,2,0,0.492642
214,2,1,0.961591
214,3,0,0.780802
214,3,1,0.861400
214,4,0,0.588273
214,4,1,0.714940
214,5,0,0.715730
214,5,1,0.440815
215,0,0,0.741437
215,0,1,0.163662
215,1,0,0.447085
215,1,1,0.003917
215,2,0,0.028273
215,2,1,0.960122
215,3,0,0.128017
215,3,1,0.536058
215,4,0,0.516414
215,4,1,0.202525
215,5,0,0.999957
215,5,1,0.001358
216,0,0,0.870553
216,0,1,0.425667
216,1,0,0.995227
216,1,1,0.377813
216,2,0,0.803231
216,2,1,0.558882
216,3,0,0.418230
216,3,1,0.051693
217,0,0,0.690672
217,0,1,0.791169
217,1,0,0.781783
217,1,1,0.874639
217,2,0,0.917364
217,2,1,0.181072
217,3,0,0.855566
217,3,1,0.718231
217,4,0,0.729544
217,4,1,0.917392
217,5,0,0.498527
217,5,1,0.854282
218,0,0,0.698674
218,0,1,0.519593
218,1,0,0.430951
218,1,1,0.876265
218,2,0,0.197679
218,2,1,0.075201
218,3,0,0.791211
218,3,1,0.126484
218,4,0,0.094512
218,4,1,0.694701
218,5,0,0.555776
218,5,1,0.740672
218,6,0,0.465395
218,6,1,0.097995
218,7,0,0.744956
218,7,1,0.433318
218,8,0,0.601499
218,8,1,0.714901
218,9,0,0.334856
218,9,1,0.560288
